2 272
3.6000 79.0000
1.8000 54.0000
3.3330 74.0000
2.2830 62.0000
4.5330 85.0000
2.8830 55.0000
4.7000 88.0000
3.6000 85.0000
1.9500 51.0000
4.3500 85.0000
1.8330 54.0000
3.9170 84.0000
4.2000 78.0000
1.7500 47.0000
4.7000 83.0000
2.1670 52.0000
1.7500 62.0000
4.8000 84.0000
1.6000 52.0000
4.2500 79.0000
1.8000 51.0000
1.7500 47.0000
3.4500 78.0000
3.0670 69.0000
4.5330 74.0000
3.6000 83.0000
1.9670 55.0000
4.0830 76.0000
3.8500 78.0000
4.4330 79.0000
4.3000 73.0000
4.4670 77.0000
3.3670 66.0000
4.0330 80.0000
3.8330 74.0000
2.0170 52.0000
1.8670 48.0000
4.8330 80.0000
1.8330 59.0000
4.7830 90.0000
4.3500 80.0000
1.8830 58.0000
4.5670 84.0000
1.7500 58.0000
4.5330 73.0000
3.3170 83.0000
3.8330 64.0000
2.1000 53.0000
4.6330 82.0000
2.0000 59.0000
4.8000 75.0000
4.7160 90.0000
1.8330 54.0000
4.8330 80.0000
1.7330 54.0000
4.8830 83.0000
3.7170 71.0000
1.6670 64.0000
4.5670 77.0000
4.3170 81.0000
2.2330 59.0000
4.5000 84.0000
1.7500 48.0000
4.8000 82.0000
1.8170 60.0000
4.4000 92.0000
4.1670 78.0000
4.7000 78.0000
2.0670 65.0000
4.7000 73.0000
4.0330 82.0000
1.9670 56.0000
4.5000 79.0000
4.0000 71.0000
1.9830 62.0000
5.0670 76.0000
2.0170 60.0000
4.5670 78.0000
3.8830 76.0000
3.6000 83.0000
4.1330 75.0000
4.3330 82.0000
4.1000 70.0000
2.6330 65.0000
4.0670 73.0000
4.9330 88.0000
3.9500 76.0000
4.5170 80.0000
2.1670 48.0000
4.0000 86.0000
2.2000 60.0000
4.3330 90.0000
1.8670 50.0000
4.8170 78.0000
1.8330 63.0000
4.3000 72.0000
4.6670 84.0000
3.7500 75.0000
1.8670 51.0000
4.9000 82.0000
2.4830 62.0000
4.3670 88.0000
2.1000 49.0000
4.5000 83.0000
4.0500 81.0000
1.8670 47.0000
4.7000 84.0000
1.7830 52.0000
4.8500 86.0000
3.6830 81.0000
4.7330 75.0000
2.3000 59.0000
4.9000 89.0000
4.4170 79.0000
1.7000 59.0000
4.6330 81.0000
2.3170 50.0000
4.6000 85.0000
1.8170 59.0000
4.4170 87.0000
2.6170 53.0000
4.0670 69.0000
4.2500 77.0000
1.9670 56.0000
4.6000 88.0000
3.7670 81.0000
1.9170 45.0000
4.5000 82.0000
2.2670 55.0000
4.6500 90.0000
1.8670 45.0000
4.1670 83.0000
2.8000 56.0000
4.3330 89.0000
1.8330 46.0000
4.3830 82.0000
1.8830 51.0000
4.9330 86.0000
2.0330 53.0000
3.7330 79.0000
4.2330 81.0000
2.2330 60.0000
4.5330 82.0000
4.8170 77.0000
4.3330 76.0000
1.9830 59.0000
4.6330 80.0000
2.0170 49.0000
5.1000 96.0000
1.8000 53.0000
5.0330 77.0000
4.0000 77.0000
2.4000 65.0000
4.6000 81.0000
3.5670 71.0000
4.0000 70.0000
4.5000 81.0000
4.0830 93.0000
1.8000 53.0000
3.9670 89.0000
2.2000 45.0000
4.1500 86.0000
2.0000 58.0000
3.8330 78.0000
3.5000 66.0000
4.5830 76.0000
2.3670 63.0000
5.0000 88.0000
1.9330 52.0000
4.6170 93.0000
1.9170 49.0000
2.0830 57.0000
4.5830 77.0000
3.3330 68.0000
4.1670 81.0000
4.3330 81.0000
4.5000 73.0000
2.4170 50.0000
4.0000 85.0000
4.1670 74.0000
1.8830 55.0000
4.5830 77.0000
4.2500 83.0000
3.7670 83.0000
2.0330 51.0000
4.4330 78.0000
4.0830 84.0000
1.8330 46.0000
4.4170 83.0000
2.1830 55.0000
4.8000 81.0000
1.8330 57.0000
4.8000 76.0000
4.1000 84.0000
3.9660 77.0000
4.2330 81.0000
3.5000 87.0000
4.3660 77.0000
2.2500 51.0000
4.6670 78.0000
2.1000 60.0000
4.3500 82.0000
4.1330 91.0000
1.8670 53.0000
4.6000 78.0000
1.7830 46.0000
4.3670 77.0000
3.8500 84.0000
1.9330 49.0000
4.5000 83.0000
2.3830 71.0000
4.7000 80.0000
1.8670 49.0000
3.8330 75.0000
3.4170 64.0000
4.2330 76.0000
2.4000 53.0000
4.8000 94.0000
2.0000 55.0000
4.1500 76.0000
1.8670 50.0000
4.2670 82.0000
1.7500 54.0000
4.4830 75.0000
4.0000 78.0000
4.1170 79.0000
4.0830 78.0000
4.2670 78.0000
3.9170 70.0000
4.5500 79.0000
4.0830 70.0000
2.4170 54.0000
4.1830 86.0000
2.2170 50.0000
4.4500 90.0000
1.8830 54.0000
1.8500 54.0000
4.2830 77.0000
3.9500 79.0000
2.3330 64.0000
4.1500 75.0000
2.3500 47.0000
4.9330 86.0000
2.9000 63.0000
4.5830 85.0000
3.8330 82.0000
2.0830 57.0000
4.3670 82.0000
2.1330 67.0000
4.3500 74.0000
2.2000 54.0000
4.4500 83.0000
3.5670 73.0000
4.5000 73.0000
4.1500 88.0000
3.8170 80.0000
3.9170 71.0000
4.4500 83.0000
2.0000 56.0000
4.2830 79.0000
4.7670 78.0000
4.5330 84.0000
1.8500 58.0000
4.2500 83.0000
1.9830 43.0000
2.2500 60.0000
4.7500 75.0000
4.1170 81.0000
2.1500 46.0000
4.4170 90.0000
1.8170 46.0000
4.4670 74.0000
