8 2
48.7877434228
4.1565108860
67.1212011442
21.8371484085
5.3450573364
20.4558610465
108.0351793340
4.2612984216

48.7877434228
4.1565108860
67.1212011442
21.8371484085
5.3450573364
20.4558610465
108.0351793340
4.2612984216

49.7877434228
5.1565108860
68.1212011442
22.8371484085
6.3450573364
21.4558610465
109.0351793340
5.2612984216

4.0896293750
1.5393238270
3.9981540582
3.7583985869
1.6302342375
3.6415756576
2.8001263402
1.5497558636
75.8010904733
42.1755732474
75.2208601076
70.7977137792
45.0548311865
69.5235410756
64.5300574082
42.4980977787

0.1058838348
-0.0059996052
-0.0059996052
0.0004377354
0.7726223606
-0.0276849367
-0.0276849367
0.0013826037
0.0679735540
-0.0041165467
-0.0041165467
0.0003259068
0.1879092199
-0.0109576164
-0.0109576164
0.0007558261
0.7359685269
-0.0258385520
-0.0258385520
0.0012689780
0.1836620951
-0.0107725739
-0.0107725739
0.0007489368
0.0413323425
-0.0027251399
-0.0027251399
0.0002200985
0.7688587960
-0.0274996458
-0.0274996458
0.0013707526


-1395.46343
-1325.55022
-1318.50982
-1311.95989
-1304.95990
-1297.18226
-1290.13739
-1284.37988
-1279.63357
-1275.88470
-1273.15622
-1271.45636
-1270.76729
-1271.02720
-1272.08977
